heuristic0=[5751,2886,51,686,1065];
heuristic1=[11088,11806,11945,16457,19120];
heuristic2=[9844,1971,3652,1688,2300];
heuristic3=[22109,10725,16637,17284,17685];
heuristic4=[21914,11052,17068,15776,18165];
heuristic5=[9062,394,12109,2720,21240];
heuristic6=[149,0,186,3496,40];
